N3000 - N300E
167737
166473
167541
168198
167074
167387
165562
166980
165384
166882
167192
168327
165123
166062
169177

N3100 - N310E
178299
177152
178292
178489
178753
177726
176161
177299
175810
177089
178558
179173
175298
176941
179351

N3200 - N320E
198517
197898
199208
198252
200059
197769
196071
196937
195639
197086
199377
200057
195019
197085
199328

N3300 - N330E
237220
236557
237746
235481
239606
236106
234021
233777
233312
236227
239517
238615
232750
234418
236167

N3400 - N340E
307279
306404
310610
302880
311985
307561
304424
302817
305135
308254
312607
309900
304055
304869
307315

N3500 - N350E
440880
438005
444003
431410
449277
439854
437289
432158
438444
443750
449041
444519
440203
440734
443741

N3600 - N360E
698688
694071
691340
684562
706189
692928
693612
681441
693838
691868
707272
703234
700759
700759
693381

N3700 - N370E
1197613
1186310
1172668
1170230
1203084
1186342
1196633
1169810
1192859
1186592
1216295
1199189
1198455
1198455
1176172
