Glover/N3604.FCTP
736333.0 720344.0 712228.0
724614.0 724614.0 722789.0
723978.0 717912.0 717912.0
740139.0 737596.0 718138.0
727579.0 717510.0 716703.0
728835.0 728835.0 728835.0
735385.0 727224.0 727224.0
727529.0 716209.0 716209.0
730680.0 716958.0 716958.0
756268.0 731216.0 731216.0
725989.0 725989.0 725989.0
727063.0 727063.0 727063.0
746462.0 729066.0 729066.0
725589.0 714472.0 714472.0
725497.0 725448.0 721192.0
754318.0 736037.0 736037.0
722103.0 712476.0 712476.0
722550.0 722550.0 717173.0
734133.0 723469.0 723469.0
721183.0 721183.0 721183.0
720003.0 720003.0 713775.0
740761.0 720483.0 715202.0
730859.0 718140.0 718140.0
728761.0 720114.0 720114.0
747713.0 731723.0 720862.0
731442.0 714942.0 714942.0
729129.0 721314.0 720461.0
743849.0 730836.0 723946.0
729046.0 712825.0 711036.0
733810.0 719557.0 715623.0
733163.0 733163.0 733163.0
726777.0 716047.0 716047.0
727046.0 723554.0 723554.0
753952.0 725432.0 712770.0
729331.0 716126.0 715882.0
731493.0 724895.0 720256.0
740069.0 739013.0 732244.0
719330.0 719330.0 719330.0
730343.0 730343.0 722528.0
740585.0 728609.0 728609.0
721329.0 721329.0 721329.0
725196.0 725020.0 725020.0
734741.0 728766.0 728766.0
727286.0 725299.0 724030.0
738123.0 720089.0 720089.0
736163.0 715333.0 715333.0
725890.0 717513.0 711649.0
724749.0 724749.0 715568.0
737667.0 719209.0 718629.0
723164.0 723164.0 720959.0
725647.0 713300.0 713300.0
728293.0 716504.0 716339.0
724411.0 721608.0 721608.0
724480.0 720295.0 720295.0
741134.0 713062.0 713062.0
738501.0 715123.0 713854.0
721221.0 717688.0 717688.0
748128.0 727795.0 727247.0
721063.0 721063.0 721063.0
723638.0 723638.0 721803.0
744563.0 721113.0 718483.0
723284.0 721549.0 717895.0
719931.0 718792.0 718107.0
745903.0 730627.0 728193.0
724175.0 714420.0 714420.0
724228.0 714465.0 711913.0
740071.0 730374.0 730374.0
726548.0 726548.0 713161.0
731564.0 714167.0 714167.0
740343.0 723223.0 715459.0
722831.0 714677.0 714677.0
734559.0 719110.0 717505.0
728276.0 728276.0 728276.0
725612.0 722030.0 718988.0
725444.0 724858.0 724858.0
736168.0 725712.0 724028.0
734555.0 725965.0 724305.0
741658.0 724401.0 724401.0
728211.0 723308.0 721130.0
731946.0 724677.0 724000.0
730084.0 714745.0 714745.0
742956.0 724312.0 724312.0
724251.0 717133.0 717133.0
728466.0 725589.0 725589.0
753830.0 717203.0 717203.0
724400.0 719339.0 719339.0
724345.0 721242.0 720528.0
747372.0 731727.0 731727.0
719826.0 719826.0 718879.0
728030.0 722183.0 722183.0
748834.0 729871.0 726812.0
725004.0 714064.0 713010.0
738576.0 736521.0 716211.0
732822.0 716902.0 716902.0
725799.0 715185.0 715185.0
727008.0 726064.0 726064.0
743900.0 716983.0 715157.0
728390.0 728390.0 728390.0
727021.0 718792.0 718601.0
747392.0 725822.0 725822.0
728262.0 714934.0 714934.0
720267.0 720267.0 719295.0
721145.0 720570.0 720570.0
726497.0 712472.0 712295.0
733124.0 714792.0 714044.0
744451.0 729767.0 729767.0
732021.0 720562.0 720562.0
728696.0 719170.0 719170.0
734321.0 723259.0 716191.0
726545.0 720133.0 717836.0
740517.0 719754.0 719754.0
742626.0 724880.0 724880.0
733273.0 725401.0 725254.0
740888.0 716248.0 709422.0
744095.0 744095.0 726619.0
734685.0 712810.0 712810.0
728115.0 728115.0 728115.0
747669.0 727663.0 726943.0
730485.0 725563.0 724957.0
736735.0 721048.0 721048.0
732530.0 732530.0 727082.0
726264.0 719064.0 717551.0
725144.0 725105.0 725105.0
748574.0 738483.0 734363.0
722173.0 722173.0 721990.0
736535.0 719797.0 719797.0
745189.0 730703.0 726705.0
724165.0 715590.0 715590.0
734369.0 715986.0 715986.0
725817.0 718491.0 718491.0
728116.0 728116.0 728116.0
730534.0 721683.0 721683.0
732573.0 718622.0 718622.0
731127.0 719064.0 719064.0
734890.0 719462.0 719462.0
741327.0 725196.0 718252.0
723745.0 723745.0 723745.0
722660.0 720173.0 720173.0
745429.0 719960.0 716585.0
734321.0 721999.0 721999.0
725668.0 721532.0 721532.0
736784.0 730171.0 730171.0
729263.0 712394.0 712394.0
731532.0 719708.0 719708.0
735549.0 734081.0 734081.0
727893.0 718253.0 718253.0
735069.0 721565.0 721565.0
727985.0 712959.0 709328.0
731615.0 716654.0 716654.0
728270.0 719189.0 719189.0
726064.0 726064.0 726064.0
731829.0 728678.0 722096.0
726042.0 719800.0 719800.0
739115.0 730531.0 728928.0
726767.0 726767.0 723419.0
736206.0 726882.0 722483.0
753634.0 728197.0 724238.0
723598.0 723598.0 723598.0
732010.0 725310.0 724054.0
734207.0 722216.0 722216.0
726858.0 721232.0 721232.0
720551.0 719093.0 718406.0
744940.0 744082.0 744082.0
723564.0 722233.0 722233.0
723658.0 720071.0 720071.0
739173.0 718640.0 718640.0
726314.0 713746.0 713746.0
728237.0 716015.0 716015.0
743920.0 720514.0 720514.0
726234.0 726234.0 726234.0
726629.0 723975.0 723975.0
746589.0 722041.0 720241.0
723670.0 722325.0 722325.0
721967.0 720856.0 715031.0
747908.0 730047.0 722500.0
728255.0 719944.0 718369.0
726903.0 722620.0 722620.0
730253.0 730253.0 722251.0
732661.0 722133.0 722133.0
735060.0 728671.0 718240.0
740671.0 726710.0 726710.0
731606.0 721258.0 719355.0
731512.0 722059.0 722039.0
744906.0 728006.0 726795.0
734372.0 721298.0 720614.0
737071.0 731997.0 725516.0
735679.0 714032.0 713537.0
735975.0 714992.0 714992.0
722421.0 720333.0 720333.0
744146.0 731281.0 731281.0
719721.0 719721.0 719721.0
730804.0 726368.0 720413.0
747542.0 723303.0 723303.0
734948.0 715887.0 715887.0
727562.0 718962.0 718962.0
750209.0 726511.0 719675.0
729444.0 723742.0 717061.0
724170.0 723692.0 723692.0
733917.0 727323.0 727323.0
728309.0 716617.0 716617.0
733008.0 719684.0 719684.0
732957.0 730989.0 730989.0
726428.0 719374.0 713785.0
727481.0 709745.0 709745.0
738164.0 724368.0 724368.0
728098.0 719204.0 719204.0
724048.0 717657.0 716983.0
757166.0 738388.0 735485.0
732136.0 720294.0 720294.0
724926.0 712833.0 712833.0
741083.0 721055.0 721055.0
725959.0 723696.0 723696.0
732097.0 726710.0 721410.0
736374.0 733002.0 722005.0
726773.0 719141.0 719141.0
724475.0 724475.0 724475.0
744897.0 720506.0 716908.0
727490.0 727490.0 723491.0
726602.0 724295.0 724017.0
745246.0 721400.0 721400.0
737166.0 737166.0 734975.0
739152.0 717126.0 715007.0
731654.0 731654.0 725254.0
724588.0 724588.0 722431.0
724235.0 721631.0 720568.0
739316.0 725909.0 720408.0
728895.0 719307.0 716078.0
726805.0 715722.0 715722.0
736968.0 708629.0 708629.0
734188.0 717202.0 717202.0
734715.0 726907.0 726907.0
738154.0 714843.0 713959.0
728079.0 722687.0 718570.0
723372.0 723372.0 722484.0
733481.0 727240.0 727240.0
728924.0 718170.0 718170.0
724415.0 717972.0 717972.0
769550.0 725691.0 725691.0
733550.0 727114.0 723020.0
724721.0 724721.0 720948.0
736511.0 734038.0 734038.0
724626.0 724222.0 724222.0
718183.0 718183.0 718183.0
744054.0 732892.0 732762.0
725225.0 719808.0 719133.0
724741.0 720416.0 720416.0
746053.0 732987.0 732987.0
739651.0 725688.0 725688.0
725712.0 725712.0 725712.0
757663.0 723172.0 711867.0
725648.0 725648.0 725648.0
729358.0 729358.0 717292.0
738175.0 726986.0 726986.0
728911.0 719927.0 719657.0
730500.0 722309.0 722309.0
751445.0 739043.0 739043.0
730441.0 728144.0 727589.0
724501.0 717746.0 715405.0
738714.0 723323.0 723323.0
729139.0 722545.0 722545.0
721378.0 719103.0 719103.0
728086.0 728086.0 728086.0
731131.0 731131.0 731131.0
723778.0 723778.0 722766.0
741416.0 733250.0 733250.0
730683.0 712275.0 712275.0
731594.0 716223.0 716223.0
734358.0 716762.0 715079.0
731158.0 711892.0 711147.0
720637.0 720637.0 720637.0
728382.0 723404.0 723404.0
729872.0 729872.0 728744.0
726916.0 717717.0 717717.0
739641.0 718996.0 718996.0
729045.0 723731.0 723731.0
721516.0 717823.0 717823.0
742784.0 728030.0 728030.0
732681.0 731037.0 722719.0
726447.0 724975.0 721697.0
733589.0 724047.0 722735.0
724937.0 712649.0 712649.0
729420.0 720567.0 720567.0
725610.0 724770.0 722740.0
724815.0 719423.0 717812.0
735671.0 724441.0 724441.0
738266.0 724083.0 721230.0
737098.0 725123.0 725123.0
741656.0 718619.0 714800.0
742367.0 735129.0 732297.0
731675.0 713723.0 713723.0
724454.0 722099.0 712973.0
743044.0 735211.0 735211.0
720801.0 715180.0 708477.0
733308.0 716281.0 714652.0
746265.0 726274.0 725217.0
728087.0 717231.0 717231.0
733457.0 721588.0 721588.0
737795.0 737795.0 737664.0
722894.0 711275.0 711275.0
723596.0 718056.0 717587.0
708477.0
708477.0 708477.0 708332.0
707891.0 707891.0 707891.0
709066.0 70