1.677370000000000000e+05
1.664730000000000000e+05
1.675410000000000000e+05
1.681980000000000000e+05
1.670740000000000000e+05
1.673870000000000000e+05
1.655620000000000000e+05
1.669800000000000000e+05
1.653840000000000000e+05
1.668820000000000000e+05
1.671920000000000000e+05
1.683270000000000000e+05
1.651230000000000000e+05
1.660620000000000000e+05
1.691770000000000000e+05
1.782990000000000000e+05
1.771520000000000000e+05
1.782920000000000000e+05
1.784890000000000000e+05
1.787530000000000000e+05
1.777260000000000000e+05
1.761610000000000000e+05
1.772990000000000000e+05
1.758100000000000000e+05
1.770890000000000000e+05
1.785580000000000000e+05
1.791730000000000000e+05
1.752980000000000000e+05
1.769410000000000000e+05
1.793510000000000000e+05
1.985170000000000000e+05
1.978980000000000000e+05
1.992080000000000000e+05
1.982520000000000000e+05
2.000590000000000000e+05
1.977690000000000000e+05
1.960710000000000000e+05
1.969370000000000000e+05
1.956390000000000000e+05
1.970860000000000000e+05
1.993770000000000000e+05
2.000570000000000000e+05
1.950190000000000000e+05
1.970850000000000000e+05
1.993280000000000000e+05
2.372200000000000000e+05
2.365570000000000000e+05
2.377460000000000000e+05
2.354810000000000000e+05
2.396060000000000000e+05
2.361060000000000000e+05
2.340210000000000000e+05
2.337770000000000000e+05
2.333120000000000000e+05
2.362270000000000000e+05
2.395170000000000000e+05
2.386150000000000000e+05
2.327500000000000000e+05
2.344180000000000000e+05
2.361670000000000000e+05
3.072790000000000000e+05
3.064040000000000000e+05
3.106100000000000000e+05
3.028800000000000000e+05
3.119850000000000000e+05
3.075610000000000000e+05
3.044240000000000000e+05
3.028170000000000000e+05
3.051350000000000000e+05
3.082540000000000000e+05
3.126070000000000000e+05
3.099000000000000000e+05
3.040550000000000000e+05
3.048690000000000000e+05
3.073150000000000000e+05
4.408800000000000000e+05
4.380050000000000000e+05
4.440030000000000000e+05
4.314100000000000000e+05
4.492770000000000000e+05
4.398540000000000000e+05
4.372890000000000000e+05
4.321580000000000000e+05
4.384440000000000000e+05
4.437500000000000000e+05
4.490410000000000000e+05
4.445190000000000000e+05
4.402030000000000000e+05
4.407340000000000000e+05
4.437410000000000000e+05
6.986880000000000000e+05
6.940710000000000000e+05
6.913400000000000000e+05
6.845620000000000000e+05
7.061890000000000000e+05
6.929280000000000000e+05
6.814410000000000000e+05
6.938380000000000000e+05
6.918680000000000000e+05
7.072720000000000000e+05
7.032340000000000000e+05
7.007590000000000000e+05
7.007590000000000000e+05
6.933810000000000000e+05
1.197613000000000000e+06
1.186310000000000000e+06
1.172668000000000000e+06
1.170230000000000000e+06
1.203084000000000000e+06
1.186342000000000000e+06
1.169810000000000000e+06
1.192859000000000000e+06
1.186592000000000000e+06
1.216295000000000000e+06
1.199189000000000000e+06
1.198455000000000000e+06
1.198455000000000000e+06
1.176172000000000000e+06
