1.677160000000000000e+05
1.664180000000000000e+05
1.674410000000000000e+05
1.681650000000000000e+05
1.669000000000000000e+05
1.673240000000000000e+05
1.654920000000000000e+05
1.669740000000000000e+05
1.653790000000000000e+05
1.667760000000000000e+05
1.671290000000000000e+05
1.682740000000000000e+05
1.651160000000000000e+05
1.660050000000000000e+05
1.691380000000000000e+05
1.782460000000000000e+05
1.771160000000000000e+05
1.781330000000000000e+05
1.783870000000000000e+05
1.784890000000000000e+05
1.775210000000000000e+05
1.760720000000000000e+05
1.772550000000000000e+05
1.757110000000000000e+05
1.768810000000000000e+05
1.784740000000000000e+05
1.791680000000000000e+05
1.752300000000000000e+05
1.767350000000000000e+05
1.793560000000000000e+05
1.983240000000000000e+05
1.979960000000000000e+05
1.986780000000000000e+05
1.981440000000000000e+05
1.998730000000000000e+05
1.977320000000000000e+05
1.961150000000000000e+05
1.969090000000000000e+05
1.956580000000000000e+05
1.969200000000000000e+05
1.994460000000000000e+05
1.999270000000000000e+05
1.949960000000000000e+05
1.970610000000000000e+05
1.992720000000000000e+05
2.371780000000000000e+05
2.365020000000000000e+05
2.375090000000000000e+05
2.349990000000000000e+05
2.391200000000000000e+05
2.363310000000000000e+05
2.337640000000000000e+05
2.334420000000000000e+05
2.328050000000000000e+05
2.360400000000000000e+05
2.396030000000000000e+05
2.385360000000000000e+05
2.328650000000000000e+05
2.345420000000000000e+05
2.362310000000000000e+05
3.071880000000000000e+05
3.062610000000000000e+05
3.096730000000000000e+05
3.024920000000000000e+05
3.114260000000000000e+05
3.074040000000000000e+05
3.035210000000000000e+05
3.025930000000000000e+05
3.050470000000000000e+05
3.073970000000000000e+05
3.121260000000000000e+05
3.102370000000000000e+05
3.026800000000000000e+05
3.045620000000000000e+05
3.068830000000000000e+05
4.416700000000000000e+05
4.379170000000000000e+05
4.422900000000000000e+05
4.305720000000000000e+05
4.472350000000000000e+05
4.393060000000000000e+05
4.359140000000000000e+05
4.321150000000000000e+05
4.382900000000000000e+05
4.424230000000000000e+05
4.468230000000000000e+05
4.447180000000000000e+05
4.398550000000000000e+05
4.409670000000000000e+05
4.424830000000000000e+05
6.953070000000000000e+05
6.946540000000000000e+05
6.891110000000000000e+05
6.831940000000000000e+05
7.029830000000000000e+05
6.922870000000000000e+05
6.791410000000000000e+05
6.911540000000000000e+05
6.919110000000000000e+05
7.068850000000000000e+05
7.002310000000000000e+05
6.968440000000000000e+05
6.994540000000000000e+05
6.941780000000000000e+05
1.189266000000000000e+06
1.186250000000000000e+06
1.169953000000000000e+06
1.166251000000000000e+06
1.200025000000000000e+06
1.185998000000000000e+06
1.163554000000000000e+06
1.189860000000000000e+06
1.182509000000000000e+06
1.213911000000000000e+06
1.194478000000000000e+06
1.198102000000000000e+06
1.194095000000000000e+06
1.177110000000000000e+06
