1.687770000000000000e+05
1.681460000000000000e+05
1.689260000000000000e+05
1.694100000000000000e+05
1.682570000000000000e+05
1.689980000000000000e+05
1.682120000000000000e+05
1.686800000000000000e+05
1.667680000000000000e+05
1.680350000000000000e+05
1.681470000000000000e+05
1.696970000000000000e+05
1.667070000000000000e+05
1.673580000000000000e+05
1.706320000000000000e+05
1.805410000000000000e+05
1.805100000000000000e+05
1.811830000000000000e+05
1.809810000000000000e+05
1.810290000000000000e+05
1.810980000000000000e+05
1.801930000000000000e+05
1.809760000000000000e+05
1.800210000000000000e+05
1.792770000000000000e+05
1.806960000000000000e+05
1.821730000000000000e+05
1.788940000000000000e+05
1.796210000000000000e+05
1.822100000000000000e+05
2.038480000000000000e+05
2.052210000000000000e+05
2.059210000000000000e+05
2.042630000000000000e+05
2.056140000000000000e+05
2.055540000000000000e+05
2.032420000000000000e+05
2.039300000000000000e+05
2.041190000000000000e+05
2.018750000000000000e+05
2.060080000000000000e+05
2.068770000000000000e+05
2.025510000000000000e+05
2.035390000000000000e+05
2.054450000000000000e+05
2.501210000000000000e+05
2.493420000000000000e+05
2.522500000000000000e+05
2.457530000000000000e+05
2.511870000000000000e+05
2.516320000000000000e+05
2.473950000000000000e+05
2.492800000000000000e+05
2.429160000000000000e+05
2.484150000000000000e+05
2.526010000000000000e+05
2.534980000000000000e+05
2.476580000000000000e+05
2.478880000000000000e+05
2.498830000000000000e+05
3.296550000000000000e+05
3.283350000000000000e+05
3.345810000000000000e+05
3.243100000000000000e+05
3.382560000000000000e+05
3.363140000000000000e+05
3.243460000000000000e+05
3.240880000000000000e+05
3.252790000000000000e+05
3.300830000000000000e+05
3.352210000000000000e+05
3.373740000000000000e+05
3.330880000000000000e+05
3.322620000000000000e+05
3.322020000000000000e+05
4.847980000000000000e+05
4.783370000000000000e+05
4.811670000000000000e+05
4.705270000000000000e+05
4.876870000000000000e+05
4.929210000000000000e+05
4.758280000000000000e+05
4.698980000000000000e+05
4.773250000000000000e+05
4.851490000000000000e+05
4.890430000000000000e+05
4.962930000000000000e+05
4.983690000000000000e+05
4.983690000000000000e+05
4.843150000000000000e+05
7.674360000000000000e+05
7.649580000000000000e+05
7.644920000000000000e+05
7.606020000000000000e+05
7.776900000000000000e+05
7.753180000000000000e+05
7.547950000000000000e+05
7.642360000000000000e+05
7.713040000000000000e+05
7.917670000000000000e+05
7.852770000000000000e+05
7.775670000000000000e+05
7.775670000000000000e+05
7.791530000000000000e+05
1.349313000000000000e+06
1.315384000000000000e+06
1.325421000000000000e+06
1.337367000000000000e+06
1.331474000000000000e+06
1.350880000000000000e+06
1.302123000000000000e+06
1.329854000000000000e+06
1.323512000000000000e+06
1.368217000000000000e+06
1.384662000000000000e+06
1.355945000000000000e+06
1.355945000000000000e+06
1.317375000000000000e+06
